2	3318
20	179362
21	778671
22	572255
3	237
22	6565
23	36599
24	27839
3	124
24	6561
25	37823
26	31619
3	143
26	8121
27	44408
28	78585
3	159
28	85968
29	45286
145<	22
3	209
145<	5
3	213
22	8060
23	32434
24	25014
3	83
24	7695
25	34105
26	28745
3	146
26	6797
27	44312
28	78174
3	126
28	100818
29	45634
145<	174
3	168
145<	7
3	199
22	7076
23	32943
24	24590
3	90
24	6378
25	36813
26	29910
3	122
26	8617
27	46018
28	82572
3	147
28	81593
29	46599
145<	39
3	209
145<	3
3	228
22	6812
23	33865
24	24312
3	134
24	6530
25	35302
26	27133
3	174
26	6780
27	43864
28	77923
3	180
28	73539
29	59447
145<	30
3	209
145<	4
3	1570
22	6192
23	30829
24	23811
3	256
24	10308
25	29360
26	23947
3	422
26	6591
27	32823
28	45768
3	502
28	59151
29	30569
145<	25
3	739
145<	6
3	263
22	6679
23	33041
24	27247
3	80
24	5544
25	32082
26	31994
3	136
26	7841
27	46047
28	74384
3	199
28	94171
29	48812
145<	25
3	185
145<	6
3	81
22	6127
23	29617
24	22830
3	18
24	5450
25	34365
26	29543
3	54
26	9011
27	54913
28	103324
3	49
28	159295
29	42425
145<	26
3	53
145<	4
3	205
22	6671
23	31327
24	26105
3	37
24	6020
25	31256
26	27943
3	78
26	7913
27	76860
28	64575
3	109
28	76878
29	50924
145<	20
3	133
145<	7
3	211
22	5362
23	40521
24	23363
3	54
24	5573
25	33827
26	27020
3	90
26	14682
27	40285
28	65674
3	108
28	83178
29	49849
145<	42
3	125
145<	5
3	267
22	6544
23	36538
24	27074
3	104
24	5892
25	40147
26	24454
3	132
26	7919
27	40792
28	77971
3	190
28	74373
29	42062
145<	300
3	177
145<	2
3	262
22	6424
23	36595
24	27267
3	124
24	6582
25	31146
26	26827
3	173
26	8803
27	50407
28	74997
3	225
28	86549
29	41115
145<	28
3	244
145<	5
3	169
22	5932
23	40471
24	27697
3	69
24	6388
25	36070
26	29948
3	101
26	8491
27	47074
28	77701
3	155
28	87297
29	41464
145<	33
3	180
145<	10
3	450
22	6674
23	30934
24	24273
3	116
24	5325
25	37565
26	25386
3	205
26	6446
27	43219
28	62994
3	309
28	70335
29	46490
145<	240
3	289
145<	7
3	50
22	4152
23	21164
24	16314
3	45
24	3625
25	21435
26	20060
3	39
26	6360
27	34425
28	69662
3	55
28	59071
29	22755
145<	20
3	53
145<	9
3	340
22	5843
23	35714
24	27370
3	35
24	6438
25	29440
26	28548
3	94
26	8436
27	40142
28	73092
3	127
28	89596
29	39776
145<	26
3	214
145<	5
3	350
22	6602
23	32512
24	25111
3	106
24	6116
25	33274
26	26160
3	194
26	9063
27	42215
28	69093
3	241
28	66813
29	43099
145<	31
3	283
145<	9
3	194
22	6232
23	35389
24	29319
3	78
24	9079
25	33280
26	39028
3	127
26	7248
27	42282
28	70152
3	116
28	90608
29	40959
145<	33
3	163
145<	6
3	213
22	6547
23	31252
24	24425
3	89
24	6443
25	33042
26	26015
3	137
26	7500
27	44701
28	81032
3	191
28	87672
29	59935
145<	40
3	233
145<	8
3	190
22	5555
23	32041
24	24007
3	117
24	7324
25	36871
26	25114
3	134
26	6012
27	40514
28	85243
3	244
28	83924
29	47415
145<	22
3	255
145<	8
3	853
22	6402
23	33614
24	25097
3	128
24	9619
25	33428
26	31724
3	252
26	6309
27	41477
28	59271
3	331
28	79380
29	50722
145<	14
3	370
145<	11
3	555
22	6329
23	33647
24	23140
3	140
24	6985
25	29131
26	23973
3	201
26	6292
27	41980
28	58058
3	318
28	71890
29	56474
145<	10
3	313
145<	7
3	195
22	8400
23	33327
24	24784
3	71
24	13232
25	34705
26	24723
3	111
26	6784
27	51501
28	68209
3	99
28	94736
29	49962
145<	28
3	147
145<	6
4	211
145<	2
4	255
145<	3
4	261
145<	4
4	328
145<	5
4	1248
145<	2
4	362
145<	1
4	1003
145<	4
4	674
145<	1
4	1710
145<	4
4	223
145<	7
4	250
145<	5
4	307
145<	4
4	355
145<	1
4	1834
145<	1
4	1173
145<	3
4	1485
145<	1
4	291
145<	6
4	335
145<	3
4	327
145<	1
4	1669
145<	1
4	291
145<	6
4	340
145<	3
4	466
145<	5
4	703
145<	3
4	1133
145<	1
4	382
145<	3
4	1028
145<	2
4	2317
145<	2
4	141
145<	1
4	85
145<	1
4	1604
145<	7
4	464
145<	2
4	627
145<	1
4	2936
145<	6
4	383
145<	4
4	453
145<	4
4	477
145<	1
4	1270
145<	1
4	206
145<	3
4	283
145<	1
4	348
145<	1
4	1484
145<	2
4	274
145<	3
4	358
145<	4
4	353
145<	5
4	437
145<	2
4	1347
145<	3
4	521
145<	3
4	462
145<	2
4	538
145<	1
4	638
145<	1
4	1647
145<	2
4	202
145<	4
4	296
145<	1
4	373
145<	5
4	409
145<	30
4	1236
145<	44
4	956
145<	8
4	1045
145<	1
4	1247
145<	5
4	1652
145<	1
4	2085
145<	1
4	259
145<	6
4	605
145<	5
4	377
145<	1
4	1253
145<	2
4	252
145<	1
4	282
145<	1
4	2065
145<	1
4	223
145<	5
4	269
145<	1
4	2280
145<	2
4	276
145<	4
4	334
145<	3
4	808
145<	2
4	1536
145<	3
4	492
145<	2
4	362
145<	5
4	945
145<	4
4	293
145<	7
4	313
145<	3
4	352
145<	1
4	419
145<	1
4	1350
145<	3
4	91
145<	2
4	1531
5	1027
145<	1
5	295
145<	9
5	2384
145<	1
5	871
145<	3
5	4277
145<	3
5	658
145<	1
5	1880
145<	1
5	1081
145<	2
5	12105
145<	1
5	1155
145<	1
5	718
145<	1
5	6764
145<	1
5	3055
145<	1
5	520
145<	1
5	7655
145<	2
5	4425
145<	1
5	1031
145<	1
5	2522
145<	1
5	2210
145<	1
5	648
145<	6
5	1476
145<	2
5	2765
145<	2
5	758
145<	1
5	909
145<	1
5	944
145<	2
5	1001
145<	3
5	1136
145<	2
5	4203
145<	1
5	9893
145<	1
5	2975
145<	1
5	3768
145<	1
5	609
145<	1
5	4934
145<	1
5	1383
145<	1
5	6193
145<	2
5	2927
6	3509
145<	1
6	11102
145<	1
6	7131
145<	1
6	21941
145<	1
6	3686
145<	1
6	8065
145<	1
6	7091
145<	1
6	24574
145<	1
6	5941
145<	3
6	5452
145<	1
6	10785
145<	1
6	3207
145<	3
6	19115
145<	1
6	3376
145<	1
6	2887
145<	1
6	7588
145<	2
6	1502
145<	1
6	1611
145<	1
6	14953
145<	1
6	7218
7	15826
145<	1
7	22352
145<	1
7	26238
145<	1
7	47861
145<	1
7	18431
145<	1
7	115109
145<	1
7	7532
8	286714
145<	1
8	43218
9	16428
10	20127
11	23966
12	25530
13	28399
14	23667
2	69
14	6736
15	30196
16	27757
2	34
16	6292
17	32341
18	27815
2	5
18	6477
19	32621
20	30245
9	12002
145<	1
9	18874
10	35105
11	42131
145<	1
11	7640
145<	1
12	38639
13	39659
14	32649
2	73
14	7846
15	38365
16	30641
2	53
16	7188
17	36766
18	28883
2	24
18	6418
19	37222
20	33339
9	15701
10	18586
11	21597
12	24655
13	25589
14	26267
2	38
14	5375
15	35079
16	30831
2	30
16	19056
17	30838
18	25639
2	2
18	5921
19	32474
20	30505
9	17414
10	19751
11	24273
12	26231
13	33183
14	24172
2	38
14	6759
15	34079
16	38668
2	22
16	6134
17	37588
18	24225
2	5
18	5784
19	32153
20	29913
9	19181
10	21762
11	23788
12	25465
13	29914
14	23370
2	25
14	7040
15	29174
16	25779
2	13
16	6640
17	32852
18	25296
2	5
18	6766
19	33212
20	31110
9	15080
10	19563
11	21123
12	25162
13	26893
14	22324
2	24
14	5378
15	33514
16	28693
2	33
16	6608
17	33370
18	27790
2	11
18	7849
19	33290
20	25255
9	16302
10	18641
11	22969
12	23832
13	26246
14	22581
2	49
14	5644
15	33637
16	26274
2	29
16	6061
17	32888
18	27666
2	12
18	6575
19	41811
20	32741
9	7428
10	9567
11	13274
12	16167
13	17591
14	16491
2	33
14	4746
15	20965
16	20856
2	17
16	5324
17	25663
18	21742
2	1
18	5275
19	30967
20	25412
9	15005
10	17341
11	21790
145<	1
12	24519
13	26248
14	26162
2	40
14	6099
15	32877
16	24850
2	26
16	6659
17	36892
18	28350
2	2
18	6514
19	36528
20	27107
9	20773
10	24655
11	29560
12	32728
13	32767
14	27333
2	28
14	6488
15	37677
16	36278
2	35
16	6533
17	37330
18	31938
2	8
18	8723
19	37466
20	31816
9	22976
10	15526
145<	1
10	10775
11	31765
12	31021
13	33376
14	26026
2	50
14	6882
15	35952
16	29084
2	59
16	6619
17	36011
18	27702
2	17
18	7840
19	34925
20	27250
9	17534
10	20262
11	24848
12	30270
13	28510
14	28283
2	42
14	6616
15	36966
16	31068
2	42
16	6681
17	36628
18	27684
2	17
18	10187
19	36075
20	30080
9	15883
10	19285
11	24631
12	27533
13	28426
14	22353
2	41
14	5802
15	31391
16	24769
2	40
16	6140
17	30625
18	25852
2	5
18	5488
19	31187
20	25095
9	6050
10	7339
11	9603
12	10933
13	12349
14	11632
2	14
14	3287
15	15574
16	19684
2	12
16	3243
17	34435
18	15652
2	5
18	3919
19	19877
20	20601
9	20530
10	24264
11	27008
145<	1
11	5726
12	30661
13	33062
14	28270
2	66
14	7047
15	36798
16	28639
2	58
16	7266
17	34976
18	27298
2	23
18	6337
19	34410
20	28314
9	17943
10	21182
11	26901
12	27832
13	28135
14	24416
2	87
14	6091
15	32072
16	25409
2	31
16	6161
17	32062
18	26465
2	9
18	6241
19	34288
20	29247
9	22038
10	25186
11	29572
12	31964
13	31928
14	26056
2	34
14	6527
15	33824
16	46480
2	44
16	6271
17	34973
18	26322
2	12
18	6745
19	34065
20	26570
9	18424
10	20728
11	25018
12	26748
13	29631
14	31084
2	33
14	5873
15	35845
16	26024
2	35
16	6520
17	31724
18	27065
2	3
18	8499
19	31855
20	35106
9	20119
10	23810
11	29184
12	28602
13	32342
14	29633
2	20
14	8277
15	31798
16	26882
2	13
16	8316
17	35295
18	27420
2	4
18	5840
19	30183
20	26579
9	16473
10	19281
11	23473
12	25106
13	29225
14	23118
2	59
14	5776
15	30205
16	26791
2	25
16	6240
17	34014
18	25457
2	8
18	6567
19	32964
20	28882
9	15587
10	18163
11	20808
12	26441
13	27838
14	23355
2	60
14	6216
15	30468
16	24128
2	29
16	7581
17	36818
18	29840
2	4
18	6470
19	37302
20	28692
9	16957
10	20247
11	24138
12	26664
13	30065
14	27072
2	34
14	6688
15	36465
16	27467
2	34
16	7076
17	34749
18	26726
2	4
18	7168
19	33675
20	25229
